1010100100010101100000110111010101100010010101000010001
1110011000011000110101100011011011100111000101000001101
100010111001011001100111001011101100100101000101001
1111110101100010010100011001111011100010111111000011
10110100001000011101010111000001100000000000100000011
11101111001010110111110111110010001110011011100000111
11001011010100101001101001001101001011110111111101001
11100111110100110100100100110001001010001001010100101
10110100101011100110001100101101110010111001000101111
100010000100110110000100111111110101010110111111000111
1011010010011111111000001000100100101011111100101001
1001010110101011001010010000110100110111001011110011
10111010011011111011111110000110011110001010101111100
11011100110001011011110100000011110101110001001011100
10101010000111100101101010000110010011001001111010110
100001011111000000011000100001100111011111111101011111
10000011011001010111110100001010100110011101001101010111
101011000011001011000110001011111101110010001111010010
10001100010010111111011101100001001011011010010111101
100010011100110010001011001100111000011000111010111101
11011000101111011100001001000101001011000101011010110
10101110101011010100000110001011001110001001000110011001
10001111011011100111110101110011000001101100110111110001
110111011011011111000110100111000010100010000001
1101111110011100110110101011110100011010011001011
10110001101001010011011110100001100011100011011101000
1111011111000000011010111101100000100001000000000100
1000111000111101110110001010100000011100000011000100100
10010010111111001100111010111000110001010001010011
10011101100111011000010010011001001000011110100011100101
100000001111000110001011101110001111101000001011011001
1000111001010001100011010000110001001011110100111100010
1001000100111101111001001010010111101101010010101110110
1101001101101100100010000111011001001001011011110
10000111110110110101010000110001001101111110110001011111
10011011110001000001100011010001100110101110111001110
1010101011001010001110100100100001010101100100000110
10100011101111101000101111011110011101100101100011000
11010000111011001100100110100001110100011001110101000
1010001111001011000001110100101011010011010011011100010
100001100101011001110101110001001001000110000100010111
1011100010000010010101011010010011000000001111010111
101110100111110110001101110000110100000101110010111110
10000001100101001101001110010000101001001011010111100
10110000000110110011000111101001100111010011011110010
11100011001111111111000100110001010010101101110111111
1010000001100101011010110010010101100001001011101101
10010101111101100000110100101001101110011111101100010
11011110001111110001110110111010010100111001100100110
100011000011011111110011001001111101110101001001011111
11011101010011101010001001100111101000001100000101101
11000001000101001000100000000000101111110010010101101
10000101111000111100110011010000011100101011001110001
1100010010110001111001000000011000010101101111011010
100000010010110101001010000001001000010011011001011111
11100010011100100100100100111110100010100111011100
11000001001000101011001101011101100101110101011010110
10011010010101101100011011001010001011011011011000010111
11000100000011000100011101011011000100111001110010101
1011110110011101100110111101001110101010011100101000
11110111010011110110100110111001001110001110011110110
10111001010111111111000110101111111101000011010011
10100010000110101111100111110010001001010100111111000
101000100101101111110101100111101001110010000100110100
11001001100111001000100001011010000010111110010100011
10011101100000000001010011001100111100001010101111
100001100101001011001001011110101100101111010001011110
100101000100011100100100110001010010101001110000100
1011011010001111111000010001111011111011101111110000
10111100100000001000111000110110011111101101000111101
1111010100000011101010100011110101100101001110000100101
10011100011110011010101100011010101010010101100101010
11011110100110110101000110100101010101101011101101101
11000011011001111111000101111101001101110110110111100
100000010100001101010110110110010110111010010001100100
100000001001111001001011100111011100110000000001110101
11011001011100000110000100010111101111010010000000111
101100010100111101100010000100101010011110110001011110
1100011110010101011101111011010010111111011100001001
11011111000110100010011111010101010100111101110111010
10111001100011101111110110100110101100001100111010011
1101110111111001011000100101001001001011111110001
10100100010100000011010110100111010110111011101101000
1001101000010010010111101010010010111100011101010101010
1110000101100001100000110100110010011100011010100111
11110101100110010100001110100101001010101111011111110
10110001111100011010110100001010110101101111110100111
100010011110001101010011100100010010101011100000100011
100000001111110101001110101011010110000101110110000000
1000110110001100011010011000110110100010011100101011
111101000010100000110111010110100110001011111
11011111010000000110100010110100000010110101110001
10110001110111000011110110111001101100010000001000101
1111100001100111100000101001000011111000010000111
100001100110010101110111001000010000010100010110000001
11000001000110010011100001011010011110101111111001
100010101000100100011000101100110000010100011010001101
10001001001001100101100001010111010110101011010100111
111010101011000100111011111000010010010000010000101111
1110110111110110001010001101010011110100111001000
