101000011001000
101000100100010
101000100001000
101000100011110
101000100101100
101000011110100
101000100100001
101000101001000
101000100110110
101000101001010
101000100010001
101000100100100
101000100111111
101000101000101
101000101101011
101000101100111
101000101011110
101000110001010
101000100111111
101000110100010
101000110011111
101000110100010
101000101011010
101000101101110
101000111000101
101000110100011
101000110000101
101000110011110
101000110001101
101000110010000
101000111100001
101000110111011
101000110101100
101000111000111
101001000001010
101000111010000
101001000010011
101000111100101
101001000100111
101000111100110
101001000011100
101001000010000
101001000111101
101001000111100
101001001010001
101001001001001
101001001000110
101001000010001
101001000010111
101001001100011
101001001000001
101001000110000
101001001010100
101001001111100
101001001101101
101001001011010
101001001001110
101001001011010
101001010010001
101001010101011
101001001110010
101001001101000
101001011000001
101001010111101
101001010011110
101001010101010
101001011011001
101001010010100
101001011010010
101001010110010
101001011101010
101001011001011
101001010110001
101001011101011
101001011101001
101001011101011
101001011100001
101001100101010
101001100010100
101001100111100
101001100000100
101001011111011
101001011110010
101001101000111
101001100101100
101001100000110
101001100011001
101001100100010
101001101010001
101001100110111
101001101110001
101001101010011
101001101000010
101001110011100
101001101000001
101001110000111
101001101001101
101001110100000
101001110000000
101001110000001
101001110100001
101001110001110
101001110001101
101001110011110
101001110101011
101001111001001
101001110011001
101001110100100
101001110101110
101001110101110
101001111011110
101001111111111
101010000001111
101001111011011
101010000000110
101010000001110
101010000100010
101010000000000
101001111111111
101010000111011
101010001001011
101010000000010
101010000110001
101010000001000
101010000101000
101010000011011
101010001011110
101010001011001
101010001110010
101010010000010
101010001010010
101010001010110
101010001011010
101010001010010
101010010010110
101010001100001
101010010110110
101010010010001
101010010011100
101010010110010
101010001110100
101010011010011
101010011000010
101010010111110
101010010010101
101010011110100
101010011100000
101010100001000
101010100001111
101010011011000
101010011110100
101010100000100
101010100100111
101010100110101
101010100100100
101010100011001
101010100101101
101010100010110
101010101010011
101010101001000
101010101001100
101010100110101
101010101111010
101010100101111
101010110001100
101010101100010
101010101111010
101010110000111
101010101111111
101010110111011
101010110011111
101010110011110
101010101111000
101010110101100
101010111011010
101010111100011
101010110010011
101010111100100
101010111111111
101010111010000
101010111101010
101010111111010
101010111101001
101011000011111
101011000010010
101010111100010
101011000110110
101011000111000
101011000000111
101011000111111
101011000101000
101011000110111
101011001000011
101011001100101
101011001101001
101011000110111
101011010000011
101011001100110
101011010001011
101011001100101
101011001110111
101011010100011
101011010110001
101011010011000
101011011011001
101011010111001
101011011100011
101011011101110
101011011101001
101011011011111
101011011000010
101011011001101
101011011001001
101011100000100
101011011101101
101011011111110
101011100000010
101011011011111
101011100110110
101011011111111
101011100011110
101011100000111
101011100101011
101011100011110
101011100010111
101011100011001
101011101000100
101011101111010
101011101011010
101011101000011
101011110001111
101011110011100
101011101111111
101011101101001
101011101101010
101011101110111
101011101101100
101011110001001
101011110010011
101011110011011
101011110000101
101011111000111
101011110111100
101011110101110
101011110111100
101011111101100
101100000001110
101011111100010
101011111010010
101100000011000
101100000001100
101100000000011
101011111111000
101011111101000
101011111110011
101100001001100
101100000100110
101100000001000
101100000110110
101100001100011
101100001101011
101100000110011
101100001110010
101100001101001
101100001001001
101100010010001
101100001011101
101100001001011
101100001101101
101100001100101
101100010110101
101100001110011
101100010011001
101100011001111
101100010000010
101100011010110
101100010100101
101100010100001
101100011011101
101100011011000
101100011001100
101100100010100
101100011011101
101100011110100
101100011010101
101100100100000
101100101000100
101100100000100
101100100001110
101100011111011
101100100000100
101100101100011
101100101011100
101100101001101
101100100100011
101100101110101
101100101010111
101100101110001
101100110000101
101100101101100
101100101010110
101100110100101
101100101011001
101100101011110
101100110000101
101100110001001
101100101101111
101100110110001
101100110110100
101100110110010
101100111011100
101100110111001
101100111110011
101100111011000
101101000000001
101100111111011
101100111001110
101100111111100
101101000001010
101101000011001
101100111001100
101100111110010
101101000000101
101100111110110
101100111110011
101101000101011
101101000000010
101101000010010
101101000000100
101101001001101
101101001010011
101101000011110
101101000111001
101101000111100
101101010010001
101101001000001
101101001000111
101101001000111
101101010010111
101101010100110
101101010100100
101101010110000
101101010111110
101101010101111
101101010110000
101101010100000
101101011000111
101101010101010
101101011011001
101101010110110
101101011100110
101101011110000
101101011010010
101101100000111
101101100001101
101101011011001
101101100001010
101101011111011
101101100010101
101101100010000
101101100010110
101101100110011
101101100110010
101101100011010
101101101011101
101101100100100
101101100110100
101101101000100
101101100101000
101101101011010
101101110001011
101101101001100
101101101110111
101101101100011
101101110001111
101101110101000
101101110101110
101101110101000
101101110001100
101101110100001
101101111000010
101101110111101
101101110100111
101101111001100
101101111101111
101101111010011
101101111100100
101101111110001
101101111011110
101110000001011
101110000011000
101101111111111
101110000100011
101101111110111
101110000001011
101110001000110
101110001000110
101101111111000
101110000110001
101110000110110
101110001010101
101110000101100
101110001110111
101110001101110
101110000111001
101110000100010
101110001000101
101110001100011
101110001001100
101110010010001
101110001110001
101110001001110
101110001111011
101110001100111
101110010011001
101110010000000
101110010000001
101110010101011
101110001111001
101110001110110
101110001111011
101110010011111
101110001110110
101110010111011
101110010111000
101110010101111
101110001111101
101110010011011
101110010001010
101110010001100
101110010000010
101110010110101
101110010100110
101110010110101
101110011110000
101110010010100
101110010011000
101110010111110
101110011111110
101110011010101
101110010111010
101110011000001
101110011110111
101110011001110
101110011100000
101110011100100
101110011001110
101110011110010
101110011111001
101110100010000
101110011010000
101110100010010
101110100010100
101110100010101
101110011101000
101110100000010
101110011110101
101110011101010
101110100100110
101110100000101
101110011111111
101110100000011
101110100011110
101110100011000
101110100010101
101110101100101
101110100010000
101110100110011
101110101101000
101110101010000
101110100100101
101110100100010
101110101110001
101110100111110
101110100101000
101110101011111
101110110001010
101110101100100
101110110000000
101110101011101
101110101101010
101110110001111
101110101100101
101110110011100
101110101010000
101110101011101
101110101110101
101110110011000
101110111000000
101110110011110
101110110100000
101110110100111
101110111011010
101110110101001
101110110011011
101110111011010
101110110101110
101110111000101
101110111011111
101110111000111
101111000010011
101110111011111
101111000110010
101111000001001
101111000110000
101111000110101
101111001000001
101111001000010
101111001001110
101111000011010
101111000101001
101111000100001
101111001001010
101111010110110
101111011000001
101111100001010
101111011001101
101111011011000
101111100000110
101111100000101
101111011111101
101111100000000
101111100011000
101111100101011
101111100000001
101111100110101
101111100011011
101111100010111
101111101000101
101111101010100
101111101011000
101111101011100
101111101101001
101111101010011
101111101000111
101111101010111
101111101100110
101111110000011
101111101111011
101111101011010
101111110001001
101111101111100
101111101010001
101111110001000
101111110000001
101111110000010
101111110000110
101111101101111
101111110100001
101111110101100
101111101010011
101111110110011
101111110101001
101111110110111
101111111000011
101111101110001
101111101110111
101111101101111
101111101111110
101111110100100
101111101111000
101111110000010
101111111000101
101111110100001
101111110001111
101111110111010
101111110101000
101111110110101
101111110100000
101111110110001
101111111010011
101111110101110
101111111000011
110000000000110
101111111010100
101111110111101
101111111101010
101111111000010
101111110111110
101111111011101
110000000010000
110000000010011
110000000001001
101111111010010
110000000100100
110000000111000
110000000001111
110000000101110
101111111111010
101111111111101
110000000110100
110000000001000
110000001011111
110000000110110
110000000011011
110000001011101
110000000101010
110000001100101
110000001101101
110000010000001
110000010001000
110000001001101
110000001001111
110000001100010
110000001100111
110000010110101
110000010111001
110000001110101
110000001111011
110000010100100
110000010011111
110000010000100
110000010011100
110000010011111
110000011110010
110000011000010
110000010111110
110000011101011
110000011001100
110000011111010
110000011111001
110000100010000
110000011101110
110000011101101
110000100001101
110000100101011
110000101000101
110000101001100
110000100001000
110000011111100
110000100111011
110000101001011
110000100101101
110000101101111
110000101101000
110000100100010
110000100110100
110000110001001
110000101110100
110000101111010
110000110010001
110000110000001
110000101011111
110000110010110
110000101111000
110000101110011
110000110100000
110000110100001
110000110011011
110000110011110
110000111010100
110000101110111
110000101111111
110000110010000
110000110100100
110000111010001
110000110111110
110000111001000
110000111101000
110000111110100
110000110111111
110000111010001
110001000000000
110001000000010
110000111011011
110000111100000
110001000000011
110000111111101
110000111110101
110001000110000
110001000101111
110000111111000
110001000110100
110000111111010
110001000110100
110001000101111
110001001000011
110000111111111
110001000011111
110001000101110
110001001010011
110001000100111
110001001101101
110001000110000
110001001011111
110001000100010
110001001011111
110001010000011
110001010000001
110001001101110
110001010000010
110001010010001
110001010001110
110001001000010
110001001010110
110001001000011
110001001011110
110001010000001
110001001010101
110001001110111
110001010011011
110001001101000
110001001110001
110001010010010
110001010100001
110001010111101
110001011000001
110001010010100
110001010110010
110001011000010
110001010101110
110001011001011
110001011110001
110001010111000
110001010111110
110001010110111
110001100000001
110001011010011
110001011011100
110001011010111
110001011110001
110001011100110
110001011100101
110001100110011
110001100010111
110001100011100
110001011101110
110001100001001
110001100001101
110001100001100
110001100100000
110001100101001
110001100101111
110001100110110
110001101100111
110001101100001
110001101101010
110001110010000
110001101000010
110001101101110
110001101101001
110001110010001
110001110001011
110001110100111
110001101011110
110001101101111
110001110101101
110001110100011
110001101110101
110001101110111
110001110011100
110001110110011
110001111000110
110001101111100
110001111010010
110001110110010
110001110111101
110001111010000
110001111010101
110001110111110
110001110011110
110001110011111
110001111000011
110001111110111
110001111001110
110001111010011
110001111100110
110001111000011
110001111100111
110001111000001
110010000001011
110001111000001
110001111001101
110001111111011
110001111100010
110001111010110
110001111100111
110001111101111
110010000000101
110010000111111
110001111101001
110001111101011
110010000110010
110010000101101
110010001001000
110010000110011
110010000101101
110010001011010
110010000101011
110010000110111
110010000001010
110010000100111
110010001100100
110010000100101
110010001001100
110010001000100
110010001100000
110010001110011
110010010000100
110010001110001
110010001010111
110010001001100
110010010000011
110010001100010
110010001000110
110010010011011
110010001101000
110010010011101
110010001101110
110010010100011
110010010011101
110010001101010
110010010100100
110010010001011
110010011000110
110010011100011
110010010110010
110010010110000
110010010110111
110010011100100
110010011000110
110010100000011
110010100000111
110010011010100
110010011100010
110010011011111
110010011110010
110010011101110
110010100001110
110010100101010
110010100011001
110010100101110
110010011110101
110010100000100
110010101011101
110010101001011
110010100110101
110010101101011
110010101011110
110010100101111
110010101100010
110010100110110
110010101010010
110010110001101
110010101001100
110010101100010
110010101011101
110010110111001
110010110000011
110010110111100
110010111000000
110010110101110
110010110011101
110010110010001
110010110010010
110010111100000
110010110111100
110010110111011
110010111111110
110010111000101
110011000001001
110010111001000
110011000000000
110011000000000
110010111100010
110011000110101
110011000110010
110011000000101
110011000000000
110011000111000
110011000000010
110011000101100
110011000110101
110011000100011
110011001011011
110011010000100
110011001011100
110011001010110
110011010010010
110011010100110
110011010000000
110011001011011
110011001100010
110011010011010
110011010110110
110011010100101
110011010011001
110011010010111
110011010110101
110011010111101
110011010111000
110011010100110
110011010101000
110011011011010
110011010110111
110011011100011
110011100011001
110011011100011
110011011100000
110011100110000
110011011011100
110011011111001
110011100001100
110011100011101
110011100101101
110011100110011
110011100111000
110011101000000
110011101001001
110011101000000
110011101100110
110011101011100
110011110001001
110011110010010
110011101000101
110011110001101
110011110011000
110011101101000
110011110010101
110011110001111
110011110010011
110011110111011
110011111011100
110011110001010
110011110001110
110011110010011
110011110111111
110011111010010
110011110111000
110011110101101
110011111001111
110011111010100
110011111110011
110100000001010
110011111101000
110011111011101
110100000110100
110011111101000
110100000101001
110100000101011
110100001011001
110100000111100
110100000011101
110100000100001
110100001010011
110100001000100
110100000111001
110100000111100
110100001011001
110100010100000
110100010101000
110100001110010
110100001110110
110100001110001
110100010110101
110100001111110
110100010111001
110100011000111
110100010111010
110100011000010
110100010101000
110100011010000
110100010100011
110100011111010
110100011101001
110100010111101
110100100000100
110100011010011
110100011110000
110100011110001
110100100100100
110100011100111
110100101000011
110100011111100
110100100111101
110100100011001
110100100100001
110100101011100
110100101000110
110100101111011
110100100100101
110100100110101
110100101010111
110100101111110
110100101011101
110100110100101
110100101100001
110100110011101
110100101101000
110100110000000
110100111001010
110100110001000
110100111011110
110100111000001
110100110110000
110100111101100
110100110100101
110100110111011
110100111110101
110101000001010
