1111011010011111101100001001001001110010111110011100
11010100111010001001010101011110101111110010010111101
110110110001111001110101101100111110100000000001101000
10010011001011000101111110101110110111110110001011001
1010100000111001010110110000000011000000100011110000
10100110001010010000100101011110000011100111101100011
11110101001001111111111001010010010000011000110110001
10100111101110111110001101101111001010000100111010
1010010110100110110110010100100100111111100000000100
11101011110100100000101001000000000000111010011010001
100001000001101011001100111011100111100111010011000101
100001101110010000000111101111001100001011001111010100
1100100110111010111011101110110000000100000100100010101
10100001111001101100010010111001101001001111101010100
10110110010111100101111111111011001110110100100111111
1100010110001001000100010011001101101000011011000011
10110001100010101110010011101101001111001000000011010
11101011100000100010101101010101000011010110011100110
10010010000100010010101111100011110111001011101111001
111110011100101000111001001110001110100000100100010
11010010111000011111111101001000110110001101101000
10110111101010110011101100001100100100001110000111
1010110011101011101100101100100001000011100011110011
1110101010010100111100100000101000100001001001
1000000000110000010001001111101110000001110110101100011
11010110001001101010010111111110111110110111111101
100001001101110010000101111001011100100100010010011000
100001100000101111111010100101010111000101010010011010
1100111101100000110010001001000101101011101010001011001
111011100001100100110010010000000111110110011010110000
1000111001010001110000100010010110011001110010011001
110001010011000010100010101011110101101111001100001001
11100101011110011010011010110010111111010001011110001
10011011001001010101110010000100000001011101101000100000
10001000001000000111100010101111111100110110100100100
1010011101110100101110000110001110111010010101111110000
1000111110111111100100111101110000101000011101101010
100001010011011001111100000110001001010001100001000100
11010010110100001000000100000011010100101001010111000
10110110110011001001010011011010101000001011101110100
10111010101100110000111100110011010100110100010101011
10101100111001110000111001000110111100101110100000010001
10011010000000011100000101100111101101111111110001011
1011110000111000010011010011111001011111111001111001
10101101010000000111000000010011010010011000111000001
10111011000100011010011010000001001011001001010111001
1011001010000011001111011011100110010111101111010100
10011100110101111110010010011110010010010110000011110
1010101001011011110000011101101101111111011000111010
1100110000111011010010110010101101111011010110000001
11001000110001000001100100111011000001101010111001
11011100010101010100011111011100011101110011001101011
100000000100111100011000001000011101110001110101100001
11111110000111001101111011001001100000010100011110000
1110001110110110111000100001100010101111001010010100
10010011001000101110111100001110010000001110100101011
110110000101000110111110110011011001110011001110101000
100011000011010110010010000101110000110111111101101100
10111010001001100010011100100000001100001010000111101
110111001001110101010101110011011001111011100111111100
1110101111100000000101000110100000000011101000010111
10011101111110101110001000000001010010001001100101010
11110111110001000110111100110110000010010110101001000
111101100011110111110110111111110101110100000110111000
11010000011010111111001011111100111001001000011111
1111110010011001111010100111100001100010000101101
1001100100011101100010000100011001110110101101010100100
100001100101101110111111111010010111011001010010110010
1000111101100101011110111100100001000101000011011101
10101101100101101011010001110010111011111110001111111000
1100011001110101100000111001101101011101110010001011
11000111100000001000110101011100111000000000101011100
11001101111011000111011010101100101011010010001001101
11011000110010110101100010100010010100110110011001110
11011101111101101011110001101011001101111010010111100
1010010110011100001100101100010000001010010101010101110
111111100011100110010011000001110111001010111100001111
10110011011101110010001000011100001100110000000011101
10001100111010101100001100101100110100101110010011000110
10101011011111011111111100101111111111010011110100000
101110000010001001101001000000010000101100111011101000
10001011100101000011011000101110110010111011111011100000
10001110001111101011100100111101000100111111
1010001110111100011010000111100000000000011011100100001
10001001111111010111110100111001101101001011100100010
11010111101000001000000011111100010100100001011101110
10001101101111100100000001110101111000000110111110100
1010011010001001010100100011001111000111110111110000
1111000111110100101100000110010000111110100001000100100
1110010010101110001110011111100110000000011011100010010
101110110100100111110000000100111010111100011100111
10011110001110101100100000011001011111111101011100100111
10100101111011011010100101101101011101111100011011000
10110011011111111100100011101111001111100110000110101
1000111000011000101100111010101010100001110001111110
100101101110101010001100100101010101111100111110101
101110010100011000000111010110110110101101010001001
1010110110101110100010011101011100010100001010011001
10101110101010111100111010011011100101100110100000000100
10100110001101000101110110011101111110000000110000101101
10110001111010010011110111101010001000000101000010010
111001001101010010000010100000111100011011001000111100
1001011101110110110101111010010111110101100101010000
101101100100111100100001100101110100010111110001000010
10010010100001001010100011100010010011011100000001101111
1100100000000010101110100111011100000011011001011101110
11010111000111101011111010110000111110100101011101100
100011011010111100000100100100100110000100101001010110
11101010011000101000110011010011010000101111000011110
111111111001110010010111010000011101111010101100001
1111011011100001000110111011101111100010000001010000101
10110010001100101000110111010011101011101011001010110
1101100000001000001111100100000111111011111111010100010
10100000000000011001111110000010101100110101111010001
10010010100010110101111010000111110010100001101000111
10000000101001001101000011000100001101101111000111010
10001110001010110101001111110011101001011100111110001
10100101000110011110100110010111010101110011001100000
1111110010101000001110101100001111011101001010110001
1001111001000100110011000011101101110001011000011101111
10011100000000001111110011011101011001010111101011101001
10000001010010111011000010010001110000110010001101001
11101010010011111101111011110100110000000011011100100
10010011110000101001100000111000011010110001011110001
1101010101111000100001011001001000010010100010000110010
10110100101000010010011000110011100110100011101101
1011001101011010001001001001100000010001100111110000
10001010110011110000110001011101100011100000110001010010
100010111100000110101011000001101101111110010000000100
1011000101000100111111111110100011101010101111001101111
11111000101010100010001000110011001011111001110011110
11100100010111110011011010000010011001100011001101111
1001101100100100110000000110011111100100100101011110001
10100001110010111011000110111100000010001111111101010
10101100011011000000100100100001011001110111011000101
1111110000001111111001110111001010101111010101111011011
11110011000101000101001000001100011001110101111000100
10010010000100011101011101010110101101101100011111111111
11000111101011000011100101110010010001000011000101
1001010100011001110011011000000011011010000110000011
100010011001000101111111010011100100001111101101110101
1001000111101011100001001111101110010001010101100
1000111110000000111011111010011011111111001111001001
10011001100000011010010011010111000011101101111010010
11111111101011100110111011000101101000010100000010111
10101011001111000101001111000101010011001010010
1001011111000000101010110000110001101110000001111000101
1111110100001110111010000011111011101000010101110101101
110001100011110111010101011000000101011101110010100110
10100100101001001101110000111011010000011110110000111
11110110001000001101000000111110111111100111001101111
10010001010011001110011001010111011010101100111110101
10001110011101010010110101000000010100111110110101001101
1011100011110111111100011000111011010010000110011101
10100101101101100011101110001100111100001100101100101
1010101110000010000001111101001011100001010100111001
100000101010101110111111111001111100101111011010011110
11111011101010000010000011100111000100110011011100010
10111001100101100011010110000110011001011011110011
11101010000001011011000101100111100100100011001010001
11011000111001110010000100101100010011011111001111111
11100101110100110001001011000111000111011010110111010
1000011111001010001011011110000000101110011111101110
10011001110111011001111111001001111110011010011010010
10110101101101011011100011111110010011100011111100100
11010110010000011001101011011000000110001001010000001
11111000001011111101101100101111111000011110101101110
10001000111100001000001010100011111101010110100
111101100000001110110000110101101110010100010000001001
11011001000000101001101011110001001101001010110101001
1111100010010011000000100000111001111011100100111010
1111100101000100011100100101011111001100011001100111
10110111110001000011011000100110100110010100110000001
1000001010010111111001001011010101001010010100001101
101010100011100001101000011110111100000100100110001
1001000111010101001010011111000111000011010010100001
1110011101001010001010101101011010000100110011110101
1011010010111111110010001011000101010100101010101000100
10011100101011101110010001000011010001001001110010001
111000100011100111000110111010110111010111100000101101
10011010101111000001100111011111111100101101101000011
11011110110011100011100100100100100101110111100111111
11010010000110000010111100100111001011111010010101
1100010010100000010001100011011101100110110110010111
11011011110111001011011000111100000000001101100110110
10100001110010101100101111111101111011100110110001011
10011011100010111011100110110010011100000101001001011
11110110001100011011100110100000110110111001111000101
1010010101100000011101001101100101110110111001101001110
1010110011010101010100111001000100010010011110111000
1011011100000111011000001000101010010010011100100110101
100000011011100011010100011011101010011011011001111000
11000011110000001010111111010011000001011010011001
1110010100110000100111010100111100110000011011111111
1001001101111100110100100011111111101111110001100000
1001100111001111101001001100001111101001100110001011001
11011111000000101100011001111101100010111011011010111
10101100101111000001011001011101111011000001111100
1101000010001100011010110110001001111000000111101010
10001110010111011110010111100100111001100101101010101110
100010010011110100010011101001101101001101101111110110
1001000101000011110110111110100101101000010011110
101001000100001000100011001010000011011111110101010
111101000110000011101010001000011111110110101001000010
10000001101100011111010100010000001000111100000001101
10000101110110110000111110110000110001100110111010
11010111010001101110110101101010000001100100110110111
11100101010010000111111001010010001100100000000110010
11110100101101110010101011000100101010101100000110101
1001001001100011001111101101010011100110100100011111110
1011011000111011001001111010110100100001000101001011000
100001111101000101100000110001100000001010110001111000
1010101011101100101101010001000101001001010010101011
10010100000100101110000011110110110000001011101011110001
1100001001100001101011111110011100110001100010001111000
1110101000011010101001000000111101011110100011010101
10100011011100101100001110111100111010100000101000100
11011100011111010010001010000111110110011101011110110
100010111001000001001100000111010110000110011001100
100010100011101010111100110010111110101100101001011011
11010001001000111100000100011110101101110000000010
10100001000100000011101110111010111101100100011001111
10110000011011011000110100001000111101110100101000101
10111001011100001011100010100011111000011001111100000
10101001000010001000100001011101000111110100111011001110
1111000001100011100110000011000000000011010100011001
10110111111011100110011110111011100011001100100001111
11100111010100011101011101011101101100111111101110011
1100011000101111001001000101010101011100000111100000010
1000110101010100110010111110011011011011011101111111100
11010101010101111101000010011000111110100111010110101
10011000111100010000010110111011100010011001010101111000
100000000101100000011010101110111001100110110100111101
110111100011000010010000010101101111100111011111011011
10010001110011010111000111101010100101100111100000001
10100000000001001001110011011010011001101011011011100
100001111111001101100101000100101000001001010011110001
100101101111011011101000110110010101111000000110101
10101110000001001010000011101001111111111010001100000
11010001010100100001110011110111100111010111101100110
1001001111000111000100001100000110011101111001010001
11011010000000010111101100111110001010000110011010001
10010101010101001100101011101110000001000001100010011101
10011000001110101001001000001100000101011001011101011
1101101101111110010111000000101110110010111111000100000
10110010001010100011010110101110100000100011000011011
11010000000000101011011110011111000100111111100100111
10101110110001011111110100001101101000000011001111100
111101010111111101011111101010001010000001000100100
10011001100110111101001111110001000110000100010011100111
10110111010110101110110010010110100100111111011110101
10110110010000000010010001001001010011100000000110100
10100001010001011110001000000100101101100000010111110001
11001101011111011110010010100010111111000110001101001
1001011101100101011101011001111011011110101001000010010
10101111010100110111010100110010011111111000011011011001
11101000110101101100111111001110001010000101010011111
1011011000100010001010011100000101101001010010000100
11111111100010011101100011101011010000001001111100010
100011011111011100011111001000111110100111100010101101
10010010001110111011011100111110110000111011111110
1110110101111001000001010111111100000101100010010100
10010100001101111100110011001001101101100010001011011
11001001101101101111010010101011110110101111011111101
10111101010100010100111101111111001110100001010000111
1001111011110111100011111101101010101011010100111100
10100000001110011111010011111110011100111101000010000
11000111001110011001011001110101100011010101101100111
1101011011001100111100010100110100001000100101010000011
100001001011011101000100111100011111000100001000100100
11000010100001101010100110001001101101010010001111000
10110110011010101111110010100110001001110010111100000
10001000010111101011100111001010010101101000001011111
10010100011100000100100110010110011000011011111010000
1001101111101011101001100110111001010101011100010001110
11101110100100000101100010111010010111000100000101000
1110000110010101000010011011111101011111011000111110000
11010101101101111110000111010011100010000111010100101
100010101101001100001000101100111000110101100011100001
1010011000001101011010100100001000101001100101100111
10000110110000011011011100010111010000011010101111110
1001110101111111001000101110111000101011011011000000
100011001110011101011000011110111011010010000110000010
10000000010011110110001100000101111101101111100110101000
10101101011011011100101100111111001000110001110000000
1100001001111101000111001000000111010000001101010110000
1101100110000111110101101110000101100001110010000100000
100001101111100001001000010001100101101011011010011110
10010110010110000000010011010000000010111100001010111001
10011110011111000010101111001011100110010010010111011
1001010001010001110111110100101101111010111100100010011
10001010111011110111110100001110111001001101101101101100
11010001001100101001100110100111000101100001011000110
10101000011100001011100110001111010001010110111110
1110001101111000001101011101011000000111101011101110
11101001100110011111100000001100100001000101010111011
1001011100100000010101001101000010101101101100100101
10001010001001011110101001000101011011110100001011100001
110110110100000001110010001110100011100111101110010
10010000111010111111111110111011101101100001111111111
11010100010110101011001010100101110111000011001100100
11100101010101001010001100110111010101101010110010001
100001011000000010111001010100011011010111011000011001
11010010011010001000100110010101000010001010000100000
1010001100101100000110110010010010101010001011111100010
10010001001110000001100110000000110110001010001110000
10100100000001100101010100111011100111110101111101011001
10101010000101010111000001011011101001101000010011111
11010110011000111001011100101001010111110111101001
11010010010100111100011010001110001001001100100110111
100001111011011001101100011100001111011000010110100111
10101010011111000011110000010110101000001011001011101
101100001110000010000100111111001110011100010110010001
10010110010101011001001100001111110011011101110001100110
10101110111111000000101101011111110001000011111010011
1110101101000110011111001001011111101011010110011111
1101100101000000110000000110010000001110011000101100001
1011010110000000001011011101001101110001100110110110
100000111111010010001110110010010100011110111001000110
10100100011101011110101000111000010010111111011011011111
111100011111001101000010011101001110100101100010110110
1000111110110101101010011110001001011111110001000111
100001001001100000111010011101000001010001111001111001
110000101111000111010111100010101011110101010111001
1000100110111010010000011110011111100010111100101
1011110100100000100000000111111111111111111010101101010
11100101010100101011111011100010010000101011101000101
100001110110100001100111001101010011010110100111000010
10001000000001100000010010000010011101110000011100101010
11110100010001110011110001011000111101011000000000110
11010010011101010100101000000010111110010100101000101
1110000101011010011110010000000000011000001100101001
10010010000001000010111011011101010000001100010001100
11100111001011000111100010000110000100110111001101000
11011011001111100111101111101111111000001110101000
1111100100011110101010011100010110100101001000011111001
11111011110010000101111110100100001111001010000001110
10101000100100110101010001010000011001010100010011011
10101110110101110011110001001000010001110101010110111
11100011001111110011001101001000100001100010000000000
101100100001111101011011011111010010011010111000011100
111010001001010100100001001000110111101110011101100
1011010110111111100010001001101011111100111111110100
10001000100000101011000011101001011001111010101100110
10100111000110001001010000001110111011011011000110100011
11011100110010000111100100111010010001111111000011101
10111001110100110111001111100001010100101100100011111
1100111001010001010111110101001000000101110010100101110
1101010101111001100101011110100100110100100110110
11111110001011101011110011110000000010000100001101000
11010100110000111000010000000110001001111111100111001
11010110100011011010010010010111111101010100010000110
11000101101001000111000011111001100111010111010011100
10011010011000111101010011011001110000011010001100000
1001101001110000100010110110010110100000001111000001110
11000111101011000000111111000011100101111100011000001
11010001111111101010100110111011110010011001010001011
100010011111101000011001010110111011001010101110110101
111001001101000001000110010110011111110110101101001
10010010010111000101100011110110001011111011001100101
100001000010011101100010010011100000011011000100110011
10101000001010000111000110010000011111100000101100011
1100001110010000100010000011101001101001000010011001
10011001001111110110101000010000011111100101001000000
1111110000100010111010010100001011011000000101101000111
101010110100010000001000000011010101010010110111111
10111001000101111101010101010001000000110100011111101
1010001100011111001010110010000110000011101111111110
10001000110101101000100111010001111000011010110001111
11100111100101001011100100101011100010100010001110001
10011110101000001110001100011010111111000111011000010
11011011101101100101101010101110111101101001000111111
10001100110101110111011011001011010010010111111111000
10011011001101111011101010101110110111111110100100
100001000011110111000011101001011110011010101100010000
1001010011011101101011001000110100100111100001101100
10110011110011110100101110110010001110101011101111111
11000110000111101111000101000100001101100010110101100
11001110110001101101010110101001011010001001100101100
10101011111101010100000010110111101011111101010000101
100101010100111001111110010000010101001111110011100101
100111110001111100000101000000110010011010001001010111
10110011011101111001101001011011010011010010110101100
10101011101101111110001100111100110001011111001001101
1011011110011100111010110001010000101101010101101
1010001111110100101100011111111001101000000000111001110
1100000011001000101001011001110000010001001000010100
11010111110100101101101001110110101110000110011010010
100011000100111010010111101110100111101100001100111011
1011011101100001100001000011111011001100110010111011001
10101111001011110001001001101000000001100010010001110
1001010100111001101011001111110001101001111000011100001
10111101110101000000000101110111001111001100000001011
11111001000001000101100111111111010111111110100001010
11111000001100000001111011111001111000010010011000001
1100111000000100000110011001001001101100100111100001
100111001010000100000101100000100101011110011101101
11110101100010111101111111101001010011100100100011111
11000011111001001000000001010100000110100111010100010
11011011111110010100000010000100001111110011010011101
111101011111110100110111110000101100101011011110010011
11011011011111000100110000001001010111011110010010100
100001011100101001000110011001100101100101100000110000
101101100101001101000101100010100101111010011111001
1111110101010001010100000011110101100101000100010110100
11110100100010011001101101101101000010110011100111011
10111011111001110100110111100111100001111010000110001
111100101111101000110101000111001111001010110110011010
10110010011111011010111000011101010110011111111001010
1101101111100001010010111110010100011111010111011111000
10101011100101011010011100010000001001000111001001101
10110110010001011101101101000000001111100010111010010
100011001110111001110011111110111001110101000101010000
1111000101001001011100011110010111100101011011010
101101101101101110001111011111011111111100000000000
11100000111100100101001001010000011010111101100010011
100001100110010001011110010000110011101010110000111101
1011011111011011110101101101111100100000101011011001010
110010010000111000111011000011001111010100100010010110
11011011101110000010111101111011001101100100010111
1001011010011100101000100000111010101101001100111101
110011000010100001111000100101010110010011001000101101
10000010111101011110111011001110110101100101000001
1011100000110100110101111110010100110010001100100010
1001000011011011000101011111001001111110110000101010100
11100110110000000010010110101010110000001111001001101
10111000000001011100111101111010011111001011110010110
11100110011010011000001010110110111111001011000111010
100010011010101011000100110110111101101010011100001110
11001101000111011111010000100101111000111101000110000
110001011011100001111100010110100010111110110100011000
10111100001001010011101011010011011100011101111011
10010110010000000010010100011100101110101001101011111
11001111111101010000100001011111011100000011100000000
1101000111011011110101111010000000001001111010011100
101111011001110100100011001011111110010101011000111110
11001111001111111111000010001100100011101011000110001
101100100000101000110100100001011101000001110101010001
1100001101111111110110010010101110011111011010011100001
110111110001111010001010010010001101001110111010000011
1000011100000010010111100111000110101100100010100001011
1001010110100010010111011011110000000000111011011001100
10011101010101001100000111101011100101110000100001010
11110000011000001101111010011111110100110110101011001
1011111000101111100000001001110001101110110100011011
10011100110110000010010010111000011111100110000001110
11100101011001110010110100001110101110011100110000100
1110001010001010011101010100111001001100010001011010
10010011011001001111010110111111000000000101110101010111
10000101000011100001100101110111111100111010110100111111
10011110111000110011110010010010101111010101101001001
10011001000111010010011010011001000000110010110010101
1111001010100010001010011011000000110011101101101101111
11010001000000010011110110010010000011001011100111011
1101010111010001010111011011111110001101011000111101
10001000010011100000000010011011001001110001010101011010
1001101100000000011000001001101011110100000101010101
100010001000100100001100100101101011010011110001000101
1111000011011001001110011110000011111111111010111110001
101000010000100011100010010010011111110000101111100111
110010011111101101001000110010011001101010101101010010
10110101001111110110011000000110010111000110000100111
10011000111100011000111100111011010001011110011001100110
1001000110111101110111011011111011001000001000010100
10001111111110100110001001111000111011100100001011111
1001110000011100110110001110100001101100111011111011111
10010110010110010000100011001010000101101000101100100
11001011011001110100100111001010010000100111100111110
11110110110010010000110110100000000000110100101011100
11010110111110001100000010101110111011001101001000110
1011110110111011010000011000110000100110000110000001
11000000101010111101110110110101111110110101011100010
10000000001011000111111100001001101000111011111
10100100111111101011111110111011110111101100010110010
1101010000010001111101000001011100111010110000001010
10111100101001000001111011101101111001010001010101010
10111010011100101111100110010001110000100111111010010
11011111011000000110000110100010011011110011011100001
1101100111111101001111110110010001110010010100100101
1000001001100111100000100001000111110011110000000100011
101001111100000100010001101010101100010011111110010101
1111110111010111101101101101111101011001110110000100
10010101100100111101100111011101000000010010001011001
11000000100011101100111101010000001101001000001101110
10111011001001000101001100001110100110000011010010011
11001100010001110100101010000111110011101101000101000
11111010010110001101100100101100110100000001011011100
1100111100001011001001001000010101101110000011111000101
11110001101110001100011000111001101100001101001011000
1100010010101001011100010010110000110010001111110011001
100000010010111000011100000110001101011010100110100011
10010111101010111011011000101010100011010101110110111010
1010011011110111110100111010111000000110111001001111010
10011010000101011011111110110011101100010100010111111
11101000001001110011100110001001100000000011101110101
11001110010111110101110111110100101000011111110110101
10001000101000010011110100001111011100010110000100011011
100101111100110011011011001010111000000100011000011010
11100110111110011000000011001010100010011101100010011
10110111010010010000111101111011110001001011001101110
11111001000000101011001001111101111010100101000010100
1000110110000010100100000011111011111010101111010101
11111101011100001100000110010011011111110011100011001
1011010011111111100010011010100100111100100011100101001
110110101111000110101011000000110101111000011001000110
100011111011001100010010000101101100110110111010100100
1101010000111011101010010111000111011000110010110011
100101001000011111010110101110011001110010001000111110
10110111010100100000010001011111101011001000010100001
101100010011110110010011001011111101001000011011100100
1101101100011100011111110000110001001111010110101100111
11111100011011100111011111100011011011100001001000110
11110011011010011001001110000011010010000111011111001
10110001000000010011011010101110110000001111001010111
1101001101011111000010111101011011010100001110110
100001111010001000001110011110001011110001000100011111
1011111110011101010100101100011100111001111100110111
1110000010000010100101101111100111011100000110110010
110100111011100000001011000000111010100110101001
11011111101110101000110110100010011111011110011001100
1010110011100100011110100110001010100111101110100000
1011110011010110011111110000010011010100011011011001000
10110111110111001100100110000011011110100001011101101
10110100110111011111101101110101111101001110110000000
1111111001101001000110101001010111000011100100000110011
100101000011111101010010001100011001100100001101011001
100010111010101010001101110011010001010000010101010011
10111100101100100111011011111100100010100110101100101
10101001101011000100101111000000100110100011101111111000
111010010000110100111011101100111000011000100100011010
11101010110111000101110011101110001110101110101101001
11101000110100010110010101010100001100011011011011111
1101110111011011111101000011000111010011101110110111000
1101111100100111001001001101011011001011101110111101
11011011100100010000110101011110011001111110001001
10000110011001010010111011011110101110001110110110001011
11110111000000010010101101010111110111111100111001111
100000011001111110100010111000001010001100110111101101
10000110011110001100011001000111111111001110111111101000
1111001101110100001011001110111110111111000111011011011
10101001100011001101100011101100111100111001010100111
111110111010111000110011111100111100101100001010010011
100001001100001001000001100001110001110000101001111010
10001011111101111010111001110000100111100110111110
11111010011111110111111010111110101000111110000010000
11000100100000110011100001000011111110000011010000110
100000100100110010101110001011011011010110111111100111
10000101110100000000011101001011111011001011010111100
11100011110100000000010000000010010101010100010001000
11001000111001010100111110101111101110001100101000011
100010100101100100111001011111101010000110010110000010
1001101000010111111111011100010100110000101011000100
100000101001010101010001011110001001100001100001011001
10010011010111110010110110010101100001110110010111010100
110010101100000011001100110000111111100100011000001000
1000000101111100110101011011001111100000100010111011011
11011011000111110110110110111100000110010100001100
10101101011001110100111000100011110010100000001000111
10010000111010110011100110001101110000110100101000111
100001000001001101111010011001111100010100000111111011
11000011110110101100110010111011001100101100101101100
11010001110110000100111011000111110011100110001100
10011000000111110011111111011111101101000111110110110111
10011100010001000100010111101001101000101001011101110
100001001001111100001010011011011111011111111001111100
10011001001101101011111111001110001010101010111001011
10110010101110000000110100100100101110110000111100110
1111111100110111101000101111010000100101101011001110
10110110000100000100001011111000011110011100100111111
110011011010010001100000110100110011010011000000110
10110000110001101010000100101101001111101001100010011
101110110001011100101111110001000001000011011110110001
11110100101011000001101100111001010001011100111010011
11011010001011101001011001110011111001010100011110011
1111100100001110001000111101100011101111011110101101001
10000001011110100010101000101000101011111011001001110
110000010100010010100111110011100011000110010100101
1001010001110110001010110011110101100110100110001001
1010000101111001101101001010011000110000010001101101100
111000000000111001010011001101011101100111011010101
11011100000111111100101101000111010100110110101100010
11100110110010101110111110011011101100010100011011111
100001010000011000100110100010101011100110101011000100
1001111111001100101000001101000010010111000110101110
1101110011100010101010000010110110110110010011
10100000110101111100100100100100110110011101100110110101
10000010001011111101101110101111010110100011000100110101
11110011111001010111111011110101100011001010011010011
111101111001100001001000010100100011111000101111001110
1110000011001111010010011000111100110110001011101101100
111111110001000001011000000001011001110011101
1111000000011110101001010011100111010100011001001011101
110101111010100001100011011000001001100101101010011010
11001111111111100001101010100001011100100011110000100
10010010100011001000000001101110100110101110011111111
11010001100110011111110010000000010011111110111001001
1001001011001100011001110111001101010111110100
100110000100111101101110100101010110001011111011100100
1100010001110111100100111001010100111010010110100011
1100000111101110110010000101011010110101001001011001
1101100100001100101000001110111101100111111001101111
101110111110001111100101101000010111101101110001110110
10001010001001111111011100110110010101110110111100101
11101100111000110001011001000101101010100010111100000
100100111110100010110000010110100100111101111000111010
1010101101100110110101011111110010010101001110101111101
1000010110001111111111110100110000111110100110100101000
110101110110111100001110100111111010100101110111101111
10100001001011011010011111100101000110101111010100000
100000011111000101000000101010011011111101111011010001
11010110000000011001100011001010101111001100110100
10111000110101001100000000111010111111010100101100100
11101111111100111011111010010101101100101101110111100
100000011000011011010101100011100110101000011100000101
1000111000111011010110011000110010010000101111001111
1100001111011101101001011000011110011011101100110101
110010101110110101110011111000001100001000111000010001
1000000001111010011011001101011001000111010001011
10101001100010101110101000000010001111111001111011100
10000011001000111100101110011100011000111111010100010011
1111101001101000111101011000100010100111000010110
10011010100011000001101110100001011011010001101100010
1100110100010010000001000101110111100100000010100010101
110111110111100011000100000110010011110101110110010000
1100001110100111101010000011010110101001100101101011000
10010000010111001001010011001110111011010001011100001
10101001100111101000000111111010100010110000100011100011
10000100001110010110010001100100010110001010111000000
1000000000110001100111101111001101111011010111110101110
10111011100000010001010000100101010010111000110111000
11110111000100000101000101011110111011100111101011
1000000110100011110100101010010111000100101110100100
11111100011100111110001011010111100001011001001001011
10100001001111111000101100000100101111101111111000101000
1000101111100101000111001000101000110011011000000110111
1010011110010111001010001101000001100110101111001100
10000100100101011100100110011110010010100111011010000100
110001000111100001000100111100010010101011101011101
1011000011101000110000101010000011100110010111001010001
100010111000101011011110101110000010010011110011010000
11101111110000101010111100001000111011110000100100011
10001101111001001000100101110000101100001010110001100
10011001111001000101100010001101101001010001110111110011
11011001110010011111100000001110010101111010011001000
11110111010000011111011111100101100000011101111000011
10111101110101010101000010010001101000100000110101
100000111110000000000011101001111010010110011111011110
10010101101111001111001110101010110100001110000001111
101011010110110111000010000100110110001001001011101110
11100011111011000001010010111000101001101100100100111
1101001101000001101001111010110011110011010111111101
11010111101111110110000001101110000011100111011110
11011001111010101110011101001111110000110011100011110
11111000111100111011000100100001110001001110100100111
10010000000000011111100101011010111010010101111011001
1001000011011010001010101111001100010111100110010110
101100101101010011110010111000000110011100011110010
1001110000010000000000100110011100011011110001011111110
1010111000100111111101000101110101011010100011010
11001011011011110000110110011000100110001111111110111
100010001010011110011111111100001100010101001111011111
1011010011110011101110001011101010101011010000100010
11111010101011100111000001100000101000111011111101011
11010010111101110111100101010010111001001011101101
11100110000110100110111101010110010110011100101001101
10000011001010110111101010000001011100000000001101110110
10001100100000000110101101111100100110001010111010101
101100000011101010010000011111011110001001011000001
111010011101011100101101100001110101010110111111011
11101011111001001001110110010110111010001011100010110
11101100101100001000110100111111010001101001111111010
101110011111111011111110010111010101011110110111011101
11000010111010001101000001110101100000100111011111100
100000011111000011101011010000011011010000111010110011
11110100111110001010011110010110100011101011101010111
11110110011001011000101110010100011001000110111101101
100011000011011001110010001111011100011010010001011101
11110111001110010001100101100111111011110111101111101
1110011001110110110000010100010010000000000011111011010
10001110111100011110110011000011000111010001101110000111
11000010011010011010001100011101111101111100010001111
11111000111111101111010110100110000100100110001010011
10000111110100000111000010011010101010011101000000100111
11101001100101010010110110000001100000011001010001011
10010110000000000110111010011011011100011000000010100111
100011001101001000111010100001101111011100110111010100
11000010000011110011111001111111101001011111110011111
10010011011010101111001011111111001110000100001010110
11111110110001100010000110111010110000001101011101010
10001100101111111111111101000110111001010111011011
11100110000000101000110110001010011110111111011001110
11001100010011111110101101111000101101100110001000111
100010011001001000000011111111111000001011111011100110
10100111110011100000010010110101110000010111101000101
10011100000111111110111110000000100100110011011001101
110000011111000110111011111100000011110111011011111110
10110001110100101101011001000010111010000110111100011
1100000110101100101110000011000110000111011001110110
1000111010110001001001100111111110011011000101110001
11100011011001110010000000101101111111100010101000110
101101010110011101000100011010100100011000111110110110
110101111110111101101110000111000001010001100010101101
10000010001001010001110110000010111000010011110110010000
11110010001000001000000110010011111110001110001100001
1110000101100111000000011111101001111011100010110100011
1001110110000101110011100110101110001101001001101010001
11011000011101001111101011100011111111011111001001110
100000010001111011111011001111101001011111100111010001
1001100111101011001110011101111001110100100100111111
11011101001001001001101110011001001111010001011000000
1110011000000111000011011111110000001011101010010110001
1011101100110111010011110000100111011111111100010101
10001010000000110111001000001001001111001011111001001
1100011001001101100110101000101010111101001000010000
11111000101111010010100100010111000111101010000010101
11011100101100111101010110000010010110110110010100101
10001110011111001101000010101110111100100001011001010
1100100101000111110001000010101101001011010000001111
10101010011010001100111100100111111011100010111111111
1101100010100100111011100101100101001010101000001100
100010011010001100010110111010010011110011100100001100
1000011110100010111000001110001101100000110100000111011
100001001100111000110111100110101000000000110111011001
10110110111111010101001000101001111011111101101100000
10110000001010001010001011001100011000100000011110100
10011011111010011110110100001010010001100000100011101111
1111010001011101111000001000101101110101001110011
1101001011111001001111000100111000101011111101110001
100010101101000100010000100000100111000001100100001101
1110110101011010000000001001100101111010111101101010
10010010000011000011110101010001100110011101000010010100
10011011010011111011100101011110001100111001000001100
1111111101101111101010011011110000001001001110111011
10101010101100101100001100111100111110110101000000101
1110001111011010111111010011100111100110100101001001
10001110101111100011101100100100011000000101101000011
10100010000101000010100101100100011110110111001001001100
11011011010101001110101011011011101001000101010011110
1101011001011010101111101101001101010000100001011110
100010100010000011001011110110111011000100001000010100
10100011010111001010110011100011011111100110100001
100000101110100010000101101001010001011001110001110101
10010111110010010111001101111011001101111001110110000011
100000011111000010101010000011011010110010010101001100
10000000010100001000001001000101010101010101000001110010
100010001101110001101101001100100001110111011011100100
100001010101110110111000111111011011101000100000001110
10100010010011100011000111010001010100000100101111100
1111000000000010101011101111100010111001011101111110
1111011011001111001001101001100101101101001111110
10000000100011101000111001010000110001100111011111011101
10011110110010101111010011111101000110000101101000101
10010101001110001011100111010001111001011000111001110
11001010110100110001000110010010010110000000101000011
1101001010100000010100101010010110110001110101111010
10100011001100100101110111101100011111111000110001010
10100100001110011010011000011010001001110101111101000
10111100011001101110000110110001111101010110011111100
10001101011001000011100111111001011101000011010101011
1000000011010010111111001000100000001100001010100010011
10011011101000111111010010010010100011001000101111110
10100100101110001001111100101110010010101111110001011
1011101001011110001101100110110010001101000110101110
111000100010011000110011011111011111000010101001100101
10110000110011110101100001111101100000001011001001000
1001001101011000011000011000110101101111011001110111011
10101111111111110100011000100001110000101010000010101
11001111000011011101111011100000001111001111000000011
1001010001001101011000101100101110100100010111101000
11001110000000110110001001010010101010001011110110
10000110011101100001001100100001100010000110110011
10110110000011011100100100011011100000011110110100101
1100011111100101011110010011100001010111000110011101
11010001001111001010010101111100101101100100000100001
10000100001011000101111110101011011010010011111001000111
1110101011000110101110000000000011100101010111011011
10011000110011011011101100010101101011101000001101001
100000010100001100010101100011110001101110100001000101
1100111000111100110111111010010011011101111110001110
10010100111000001011110010111010110110000001111011111
10101001101010000100110101001100100011010010000010000
1010000111111010100101010110110101010011100000011001
1011100001100110100110010011010110010111010000101000
1011100011111011101011111100011100110111000000111100
100001100101111100000100000010100000001110000000110111
11110011001010101100000010100011001001000111110011111
1001001110100010010011100000001001001001001000000110010
10100111011100011011101001001010110110001000011010001
100001011000101101101110101011100010000011100111000111
11000110110001000010000011000101001100111110111000010
10101010101101100010001110101111011101011001010101111
11101101110111110100111000110000011000001111010101101
11101010011011010111101110100100000000111110110101111
11000001111101000001011101010110000001101011001011
1100111110101101010010100110101011111001011101000101
10110101101100011101001001000010111011100001001001111
100001101011001001100100101000010000011100011000010101
11001001010000010011011010001011100111000101110000010
10001011111100110110100101001011000111001011111010011010
100111001001000010011110101011001101111100101111111110
11101100110011110000011100010000101011101100101110111
100010001101000101011100110010110010111001110011111110
1010101111100010000010100110001101110010001101011000000
11101111011100000000110110010010111100011110110001010
11100101001101111100011010001111100110001010101100110
1011101101111110111101000111000101011100101011100111
10101001010001110100100110111100000000101011010000010
10111010111001010001110010011001101100000110101101
100001101111100110111101110000000111010001000111101001
1000101001100101111111011101010111110001010101010110000
11011011100000110100010011000100010010001101011111011
11101000011111101100010011010110001110101100011111001
1110111101001101111010000110011100101001011001101101000
10010001101001110010111010011011011010101001011010001
110011010110000101001001110010101011000100000001111
1101001000010101111010001011100010100101110110010100
11000110011011000001011010010111101011001110010100001
10011110011101010010011110001100000101111111110011101
11101111100011100110011111011001100111101100111110000
11100100101011111101011111001111011000100111001011100
11100001000010001010001101011111110010100100111001
10000001110111000101001101001110010001001001011111
1110101000011100001101011101000100001111110110011010
100000010111101010111010100100011110100000101000101010
100011100001000100010101110011010100001101111011011101
11010110000010010000000001110101101111100001011010100
10100111110011100001111101100101000101110100000011011
11000010000110000110010010100011000001011111110000001
11110111001001010100101010001100101011011000110111110
1010101100000110111000111010100111001111010011010110
10010010100110100000101101110011010110010001001000111
11011011110111100111100011110000011110100110011111000
1000101000011010001101110001011000011010011010011001101
10110110011011011111010111000011111010100100011101010
10110010101100111111001111001010000001011111101001100
10011000110111000110100011100001001001110100100110
11110000100000111001110111100111001001001110101001111
10101100010000100000100110111010001110001010111110000
11010100001111111000100110001111100100000010111001011
11011010001001100101000101000111010000011110011010111
1011110000101011001010101011110100011110001110000111110
101011101100011101100010001110110111100000000000000011
11101010010010100000101111101111101100000101100101011
11110000001101101001100101000101100100000011001000100
11100000010100110011010011000010010101101101011001101
10100000100111101101011000000010011011101010000010100
10100101010101001010001011100101000011100011010011011
11100000010100000110101000100100010101011011101000001
10101011000111010100101100011110011001001110010110111111
11010010010010101011101111001000010000000110000001110
1001000100100100000100011000110110100010111110100100101
100101001001101111010010011110011101010101001100001001
10011000011111100000101000110111000001000110010001010011
11000001000100101010000101110011011111010010000111010
111110010010101000001100111100000111010101101101111101
10011101011111101110001011101100001011000101001000010
101001001001100001110110111110100000000101110111011111
11100110101010110001000000110010000001100100011110001
10010000111010100000011011000010000011011111101000110
11010100110000100010000111111100100111101000011111101
10111110011000000101110110010001110011000100100001110
10011100101101000011011111101100011100001111011110000
10011001101101001101011000001011011000100000110010001
100010011101010010010010111011101101011011101010001101
1100100100000001100000010111101000000000000111101010
10101011110000101101001000000111000001101101101001111
100010011100010001110000101111001110100010011111101010
100001001101100101010000011111000100111011111101101110
11110100001111110110110100010001001100100110100001000
1000001101110101111101010011111111100110011000111000
11111010011111011110001111110101010011000111101111000
1110000110010101010000001100001110011001110100000
11010010111000111011001100100100101111111111000101001
11010000000111000111011110110111111100011001100010100
100011001010111101001110110001011001110000000000010001
10111101010100000110000001110101001110001100000101111
10100010000111001111000011101011111010001101010101000001
110000100010101110001011010111110110110101100000101
100010100110010100011000101110010011011001110110110000
1000111111101110001001010101111010010100111101001100
1001010111001001001101101101011001010011110011110
110100111000101001101001110000010010001111111111101111
100010111011000101111111110111101110111000000000100101
10100110010011010000000001010100101111001111000011101
1011010111111000011011010000011000010011000000001111000
1001101011100010000001010100011110100111111111011001110
10101101011000111111111001100000110000110011101011000
11001000000110010011111100111110000111001100000001000
1111101000000000011011100111010101011001110100101011000
11101101111111010001011100111000000010011101101100010
1011111111100000111101101100110000011100011010110100
1001110110010100101111010011011100010100100100110001
100001110000100000111110010101100110101000000010011001
1111011000000101110001111001011100011100011000101110101
100011000110101001111011011000111110001110011011111111
100000111001010010000011110010101101101011111011100011
110001100111101111111110110110110111100100101100100110
101101111001011011100110101101011111110000010100110100
11110101101111110010111101101000010001110110101001001
100100100100100001111000001010101010111101100001110000
10101111000101001001110010101010111010110110111101
11001000000100101000001010101010010001000001101001
100010101011110000111110001010010111010011101110101010
1001011100001000100100101001100100100110100000101010100
100001100011001001101010011011001100111110010010110111
1100011110011000110010000001110111111000110110000001
110100010110000100110001111011101011101111110010101000
11101000000111011001100100000110011001010100101011010
11111001100010000001110111010100101111100101100111001
11110101111011011110001010101011001101100101100111000
10011001000011110011011111011000100110011010101000111
11100101100001111110010100011110101100100111101010001
1110110000101011000010011001011000001010101000010100001
10011011111000101101001010001000000110100000001111001111
100100011000101000000111100100010011010100001011100100
100010100101100110100100101010111111000110000111101101
11100101001100011010101011100110111111010100001101111
10000111011011111110011001101010000100100100011101010001
11101111101001110110111011111001010001111011100101110
11011100010101101100011110011101100101110000000110100
10000101001100011100000111100000110111001111101000
1110001110010100001101001101000111101111000101011000
10000001001001001000011100111011001111010000010111101
11010010110111111111001101100110000011001001110111101
1010001111010100011111111001010000101101110010010011001
111001010100101101101011101001110000101100111011101011
1111110010010001111100010011000011101100110100111000
10111100101111010110010011001100111010001001100110011
11100110001011101001111000100100101100110000001110011
100001011111101110100011100011010111100110110110010100
10010010010111111111000100101000100001010111100111110
1010101010000010001000101001001101001011001001111000
10100010100101011000111111011101110010010001011010111100
11100001000011110000000111010111101000101001011001111
11111011010100011101010001010100000011010111001000011
100001111011100110000011111101000011000101000001001011
100000100111111110010100001101110110001001001111100001
1100100001010001001101101100010001110001011000001101
100001110100111011010100001101010110100100010001011000
1011111111110000001000110010110111111100100011101100
1010000011011011010110001100001111000100010100001000111
10011000101000011001010001011100011010111010110101000100
1000110111001101111110011100001001110111100110011
11000011000110000110001110101001010101011000011111011
1111110101000001111100001010101000111000010010111111
1110110010110111000000101011110001101101010110000111
10111101011111001110010110000001110010011101010000000
11000111101100001100100011001101010000001011010111000
11110100110000100011100000100111100010101001000100000
100010100110111010110110110001000010101111101110110111
11100000110110010100001001101010110000000111111010
10000001000111100101100100110100101110100010000010010011
10010010001001111010000111110010010111010000100110
11000000100100000000101110001111011111100110111011
1110101011011011010000011011110011010000101000001101
100001011110000001001110001010001000001010010000100110
11001000001011100101111011001001110011110110010100011
1110001110010000011111110000111100100010010110000101
10100011101100100111110111101100010111011011110110000011
1010011010110110101011110000001011101100010011001101110
10010010110101100010000011111100100111001111101010
11111000110011011100110010101101100110001110110000011
1011001011110110101011101100001011000100000100110001
10100110000101100110100011011010101101000011000100
10101011101111010010000100000110101010011011000000111
10000000010110110011011111101101101000101010000111001011
11001000101100101010111010100111001111000000010001101
11000111101011101010101011010011000000101101111100100
100001100100001000100001101110000000001111010111001111
11100101110111110010101010111001100101010111101100110
11001110000110010110101011010000110011100011111011111
100110000101111111100100110110110101010110001101011001
1101110010001101110110001111010000011011111001010000
1011000001101100001101111010111010001000000100010001001
11010111011001000101010111010101000101110110101111101
11010101001011000001101101101100111101100001100110
1110110110111111011010111010111000000100101000111000
10100011100001101100001010001000011101100111110011100
11000010110110011100011111000101110001001101000111111
11011000100111101000001100000110011001110111100101001
11001011100000100111101101000010000000001101100001101
1111010100001100101011000010110111001110101101001011111
10010100101010011101110001100111000011000100000011111
100101000011101100001100101000101011101111110011101100
11000101001011100000111100010000100100001001111111111
1110000011000011100011110011110101001010011011001011
100010101111000000011100101010100110000001100001010010
10100101110010101010011001111110110010010000000100000001
11010000101110010111111101010100000000010100001100101
1110111011110001100001100010110101111100010101100111
1101010101001101111101110010110011001100101000110000
10100011011111101001110110010110100001010101011011100
1001001010011011101010001101010010000101101011110101
1011101000110011111100101010010111001100000011010111
10011001101111100101111000100011010010011110100011001001
10010010011111001111111011001000101111010010000000111
111011111010000010101001100010110111011010010001100010
10011000010011010100101010010001110110100011100110000111
1010011110011010000111010010010111001010111100101
100001001000001111111001011010010101101111100001101011
10101101000111010111110011111011010000101010110101
